 31
 -37
 -30
 -10
 9
 4
 21
 -10
 -35
 -22
 -39
 20
 -29
 -20
 -22
 18
 -47
 -29
 40
 33
 10
 -38
 -25
 -34
 -26
 -1
 34
 32
 -30
 27
 -20
 -37
 2
 -30
 22
 -22
 -12
 -37
 -30
 16
 -25
 -44
 -41
 -20
 4
 18
 -23
 -50
 -30
 16
 43
 -8
 46
 0
 31
 29
 40
 -5
 45
 50
 16
 31
 -7
 5
 5
 -32
 -34
 39
 -42
 -23
 -46
 16
 -27
 16
 49
 -13
 14
 -35
 3
 18
 35
 23
 -29
 -26
 45
 30
 -35
 -12
 6
 -38
 -17
 14
 -22
 41
 37
 -8
 35
 -20
 -7
 -15
 -21
 14
 15
 -41
 -10
 22
 -12
 -9
 -26
 -1
 -31
 -16
 29
 -1
 -29
 8
 34
 15
 -2
 -40
 -10
 -11
 6
 46
 21
 16
 33
 -49
 27
 -43
 10
 -43
 -5
 28
 14
 9
 48
 29
 41
 20
 -45
 -6
 0
 25
 48
 9
 -45
 17
 5
 -14
 25
 -9
 -3
 -49
 26
 -48
 -28
 -4
 17
 -9
 -15
 13
 21
 49
 40
 24
 3
 4
 -4
 -27
 37
 -16
 25
 -6
 0
 -6
 4
 36
 50
 -39
 -27
 -38
 -28
 -18
 -16
 -36
 10
 46
 -39
 -48
 -26
 -11
 -19
 -18
 43
 -9
 -3
 46
 -16
 46
 19
 14
 -19
 -2
 9
 -41
 22
 -13
 -49
 -19
 6
 -13
 -3
 -47
 7
 -49
 -3
 6
 42
 -32
 12
 43
 -33
 -12
 15
 36
 -16
 36
 -35
 -14
 24
 -2
 -24
 -28
 -6
 -42
 -46
 -38
 -11
 -23
 -22
 -36
 5
 -29
 -15
 16
 -16
 41
 33
 22
 -22
 3
 -26
 45
 -44
 29
 -27
 -8
 31
 -34
 -7
 8
 9
 12
 22
 -5
 -49
 17
 27
 -34
 -11
 -42
 -27
 -32
 -15
 37
 41
 26
 2
 3
 -11
 -48
 -14
 -7
 -8
 16
 -21
 41
 -11
 -1
 20
 36
 25
 11
 -22
 -18
 28
 48
 23
 29
 23
 -11
 38
 17
 -43
 18
 41
 30
 7
 48
 50
 0
 -44
 23
 -3
 47
 36
 23
 -34
 32
 50
 26
 24
 13
 22
 23
 -39
 -45
 38
 -15
 -43
 36
 -17
 49
 -30
 -39
 47
 42
 50
 39
 7
 -49
 23
 29
 44
 32
 -36
 25
 -5
 13
 43
 29
 48
 1
 3
 5
 -25
 -47
 31
 -18
 -46
 -38
 35
 6
 -25
 7
 -31
 -9
 -2
 46
 -12
 -26
 -18
 5
 16
 39
 47
 1
 36
 -17
 -41
 -22
 -23
 34
 23
 -17
 4
 -1
 -32
 -14
 -39
 49
 -34
 -15
 -18
 46
 -15
 25
 49
 16
